time,x,y,z,phi,theta,psi,x_velocity,y_velocity,z_velocity,phi_velocity,theta_velocity,psi_velocity,rotor_speed1,rotor_speed2,rotor_speed3,rotor_speed4
0.06,-9.427293350856857e-09,1.8337804721280554e-07,9.999895704091198,0.00021585521624878368,1.4169721927359546e-05,0.0,-9.319779758806628e-07,1.6185708039812278e-05,-0.0034765357831373902,0.009965077466119762,0.000704350862246329,0.0,402.6567703849761,402.72047331196956,402.33109441261166,403.23216392667763
0.12000000000000001,-3.885752395578088e-07,7.544461396575842e-06,10.000443947207874,0.0011861914616133618,6.283022666304511,0.0,-6.715220192037771e-06,0.00030252332540965486,0.02175090791488686,0.026349782024762687,-0.01148851623765013,0.0,412.41372892426295,411.33563512608345,412.39237834251026,413.83687251987027
0.18,5.796374652121964e-06,6.691770330720471e-05,10.010797805046728,0.003680181128927096,6.283008240654718,0.0,0.00025098856455801856,0.0019589006656135187,0.3233404186922853,0.061624861006057394,0.015972539399071742,0.0,495.11991938683747,497.13582867661626,496.1187546480776,498.70220363562726
0.23999999999999996,2.094306746720061e-05,0.0002848007641578221,10.035461323940417,0.0076394062430438225,0.0006122565812738401,0.0,0.00015421596065107182,0.005738202577048208,0.4987139836655066,0.07352711284951509,0.006823689834273422,0.0,460.9266604794054,460.2030643852676,459.62722428685976,460.57242341728795
0.3,1.672127716919931e-05,0.0007956754711797153,10.067427499782804,0.011686400631241156,0.0007573817515833525,0.0,-0.0003237490448527809,0.011706183682234854,0.5667896310865167,0.05111834662497779,-0.008297084745810791,0.0,427.3563017985816,426.06566621981904,428.1071483055035,426.1999427759175
0.36000000000000004,-1.8232021505842565e-05,0.0017861035429522644,10.107219787865093,0.015294597131447318,0.00016602530485521072,0.0,-0.0007784859918080494,0.021698009026837013,0.759506370420123,0.07385766897201114,-0.013171690925285516,0.0,466.404913961786,466.0242296214696,464.4323712437578,466.21447887295534
0.4200000000000001,-6.525185126001838e-05,0.003415541820996749,10.155462392153833,0.01953406466077201,6.282331695884887,0.0,-0.0006993707518811416,0.03305166876877758,0.8485106674349123,0.06333994728449807,-0.02601179495341805,0.0,434.42825400345794,433.3504726902868,434.61587443145004,433.73749191933
0.48000000000000015,-8.304244750011587e-05,0.005843800188988298,10.210711555591239,0.023269521145947714,6.281449255102437,0.0,0.00023202203818426946,0.04829713722349751,0.9930044030386828,0.06000105536987872,0.001563751479755432,0.0,449.862391388411,452.0894929514382,452.34154495071687,452.07534106521615
0.5400000000000001,-3.69942468688106e-05,0.009196629777249152,10.271626639223317,0.027196657172861904,6.282016211491612,0.0,0.0012686561406682437,0.06381738429773133,1.0374497513727903,0.0745789698260701,0.02180595439427027,0.0,418.1488218560768,419.9082204908507,420.29923444213574,421.56400752258935
0.6000000000000002,5.7726867724510256e-05,0.01358709621536585,10.336236731525968,0.03191316032575919,8.282519765856478e-05,0.0,0.0017619871201496615,0.08298449427253002,1.1161324197288571,0.08564268808797051,0.018914656421950837,0.0,430.84152341381173,430.5970343491308,431.3562635846219,432.2945314326267
0.6600000000000003,0.0001580751419319115,0.019176822652614965,10.404106401525867,0.037571193838953576,0.0009294589661541508,0.0,0.001489973302374747,0.10383682967845533,1.14614228114944,0.10759103608567111,0.0021647123340789573,0.0,416.98167825239136,415.51593785693495,413.77564694477593,415.711174005025
0.7200000000000003,0.00022893740658026064,0.026160676060402847,10.474653176724539,0.043957311023628876,0.0010441537140524204,0.0,0.0008604133280226366,0.1295717011969914,1.2053300311327877,0.10401953689844258,0.001400407807340679,0.0,425.16996270110985,425.1044419592749,425.5373671883174,425.24204723859805
0.7800000000000004,0.0002591080188453913,0.03484157835123237,10.54940524797083,0.05003337118416429,0.0012837178582332243,0.0,0.00012886299523272153,0.16039848705374984,1.286287382135495,0.09510677316512973,0.008729978429785255,0.0,432.2589576674404,432.87605193286197,432.8441210366975,432.1026344815928
0.8400000000000004,0.00023803948901465874,0.04553266504467854,10.629799456268108,0.055904245141767284,0.001484769831055388,0.0,-0.0008715440919900858,0.19656060837344572,1.3933606595437134,0.10282917620443306,-0.010484878143115998,0.0,442.30755281505947,440.72237814425756,440.3665008637113,441.0130300337273
0.9000000000000005,0.00015937856526530579,0.05842668799569018,10.715022211367492,0.062073035251458464,0.0007648879021244781,0.0,-0.0016862618637611124,0.23382205637361186,1.4472930992810062,0.1027811604933779,-0.015210368473928133,0.0,424.37339204583196,423.96772752492313,424.55725530803454,424.5628627625739
0.9600000000000005,4.741947435315784e-05,0.07360614993648847,10.80238396575591,0.06838563212687276,6.282883946005333,0.0,-0.0019571932479830563,0.27271714150664855,1.4647027759297029,0.10966834459695224,-0.02345820889232241,0.0,412.6321233459363,411.9034624203531,412.31845011646857,412.9369837998871
1.0200000000000005,-5.8913323515112774e-05,0.09133537594284415,10.892224267545366,0.07477785606645782,6.281144267658249,0.0,-0.0014377374616621373,0.3188773619749464,1.5298381046500256,0.09940207337687712,-0.043368690800506246,0.0,428.42775608759194,426.7313059249441,429.680977836838,428.8201804105788
1.0800000000000005,-8.773363920143417e-05,0.11218987019161758,10.989029174403003,0.0805696080407543,6.2784043583137965,0.0,0.0007756587368232802,0.37690941535430444,1.696698520432323,0.09006109350792271,-0.05070507235431493,0.0,460.83417829758093,460.25280184532494,461.07032127334327,460.33937796663986
1.1400000000000006,5.760465347476123e-05,0.13630861188418478,11.091586578011379,0.08695256763795811,6.275065839613113,0.0,0.004357446032837465,0.4275872852336057,1.7217885932908685,0.1273919545722311,-0.06800508704915544,0.0,416.5291340976015,415.0110897993744,414.87731761422407,418.15192916363895
1.2000000000000006,0.0005309400317267059,0.16406928575820584,11.201037934880182,0.09443955610811017,6.271140308732473,0.0,0.011888792051153124,0.4986228523845016,1.9261678776743039,0.11898177813598816,-0.060711987410426334,0.0,472.704112348482,473.26284642111517,472.7624713143055,472.12717230975977
1.2600000000000007,0.0015287570856851907,0.19612453045295253,11.321251044899943,0.10157492916574196,6.267878087732669,0.0,0.0217472013264309,0.5706370748722319,2.0805676239795567,0.11880495037670571,-0.04401479766673437,0.0,457.9985250906799,459.3225715660313,458.53508796275565,458.53328751876626
1.3200000000000007,0.0031843277116004,0.23264703467398573,11.450599120555129,0.10893696406392372,6.266115711914061,0.0,0.033665112693277,0.6475349326049832,2.2306445824541217,0.12952674258894742,-0.009831276507580883,0.0,457.16765914605713,459.88271772093157,457.16390755686757,458.0304614555534
1.3800000000000008,0.00556030234342285,0.2737781931714272,11.587406668269482,0.11658152716568271,6.265928687297105,0.0,0.04556735757492131,0.7242561515968042,2.329296842584317,0.12280255618392229,0.007739257693665139,0.0,441.50271923082965,442.9500298007508,443.866298432926,443.32897069408614
1.4400000000000008,0.008630773389434266,0.3195299576726242,11.728957946955873,0.12353355890614104,6.266141187935542,0.0,0.05674465656427367,0.8014683939674356,2.388846873082488,0.09604785874157923,-0.006557337525906506,0.0,431.73036752195196,430.52240281371365,432.07245969700506,429.82307522228825
1.5000000000000009,0.012447682096580997,0.3706049813881236,11.878561308523329,0.12958406343490392,6.266181075996279,0.0,0.07049463014165787,0.9016574791958741,2.5973522784806433,0.10902025257820731,0.01218321296112316,0.0,476.71060499607023,478.1404355028183,477.1972992563221,478.19441984629304
1.560000000000001,0.01701477966245899,0.4272996791238095,12.036574589563923,0.13581848059667312,6.266581025067971,0.0,0.08167928203074176,0.9887531767989934,2.669471915901359,0.09097744323893445,-0.007646242897689716,0.0,437.51972387216455,435.86559403201767,437.78858079825267,436.29419359509023
1.620000000000001,0.022293066767218848,0.4896953523772966,12.201503835830836,0.14102770844715806,6.2662206640258376,0.0,0.09430176073609477,1.0916186273219026,2.8276599327901786,0.07684953677343649,-0.002912195216839804,0.0,464.1708565064819,464.5423199266538,464.88974123335163,463.787242159476
1.680000000000001,0.02829542018839269,0.5580371362087205,12.37355893005746,0.14570320453376162,6.265987873597009,0.0,0.10579254566048282,1.1868456953234414,2.907198919050134,0.07999216787491935,-0.005889094160143312,0.0,440.5803546177814,440.3342299929625,441.2989919223916,441.56319947105123
1.740000000000001,0.03497853938243471,0.6320637987368878,12.549567399353743,0.15037436610994526,6.265494713867032,0.0,0.11701483274606127,1.2811105052935896,2.9595015061661756,0.07319100824741062,-0.013342869243005007,0.0,433.01926192221174,432.39187563441976,433.2592211349182,432.69200398138787
1.8000000000000012,0.04240424298981648,0.7123214222907606,12.731926481170044,0.15443334161613897,6.264288187036897,0.0,0.13060567207461068,1.394515086739219,3.118574140934623,0.05326447664141451,-0.03921841768846758,0.0,468.1376295849781,466.1197880207714,467.3754710243367,465.8229154914468
1.8600000000000012,0.0506118540479039,0.7989260646506087,12.920371533231602,0.15801496466167286,6.261984678610585,0.0,0.14319851128534555,1.4925688201696223,3.1626992765355415,0.07016661829298325,-0.03678820917515119,0.0,432.3100505192341,432.5140165362964,430.71111025450773,432.1408314027599
1.9200000000000013,0.0596491704296884,0.8917007489540801,13.112837435871818,0.16227550298838445,6.259629158237896,0.0,0.15826962365638733,1.6002627819333788,3.2524388326057534,0.0726417371939061,-0.04472289506869635,0.0,448.14248417893214,447.49626075366604,446.2953379342787,446.50115859866816
1.9800000000000013,0.06970370789901763,0.9914401628087769,13.313241631042848,0.1663746059030995,6.256657115788489,0.0,0.1771877486878594,1.7247297921204139,3.4270161450111796,0.05785446976297583,-0.06149722027154912,0.0,474.40097871557924,473.1097244644285,474.82102585622187,473.688348094283
2.0400000000000014,0.08104849319918295,1.0992305771046609,13.52707106643561,0.16996715223491243,6.252847856795588,0.0,0.2014289767980073,1.8685310321428308,3.699580697106157,0.06363797486569431,-0.06779731599206368,0.0,503.5564246701308,503.09803035239804,503.97670691157185,504.39662704618235
2.1000000000000014,0.09384643740110277,1.215172376941512,13.753971866863695,0.17371646178500466,6.24860217603743,0.0,0.2256169226252622,1.9964609342539499,3.8630443081624266,0.06008544473342768,-0.07746478505978045,0.0,473.41046386233285,472.6624227422158,475.536031198815,475.2663458591501
2.1600000000000015,0.10799551937257981,1.337888075779374,13.985117841003062,0.17676881561671642,6.244053374479648,0.0,0.24641088141627046,2.094306911875298,3.841758464395316,0.016951422703890065,-0.07270145111124857,0.0,416.8055320086506,417.21670911339265,418.71226134921324,414.9439082123102
2.2200000000000015,0.1236139817984313,1.4671441275164294,14.218528273835243,0.17880345836197975,6.2392635370142955,0.0,0.2746512707801548,2.214262092129323,3.938117805716756,0.05546446005368791,-0.10053137270550382,0.0,456.23084126253934,453.99785193665633,454.04542313916454,457.12538759902253
2.2800000000000016,0.14118989356858747,1.6042555163505026,14.461128035858724,0.18229108270247085,6.233262135234238,0.0,0.31189314376000943,2.3563005424894277,4.147550766271999,0.06297956885255718,-0.09902699796521222,0.0,490.5840211669633,490.688124282702,489.8687580686253,490.4292918143846
2.3400000000000016,0.16094452088022476,1.7492472672923738,14.712405591533058,0.18637971214269022,6.227851502200062,0.0,0.34713906761771396,2.4770105246534797,4.2278496605390155,0.07686168773401983,-0.0766581385160325,0.0,452.6190703331196,454.40904662125524,452.85865626661143,453.9773814636574
2.4000000000000017,0.18275032642637584,1.9009936392034534,14.965519663532847,0.1914251339643851,6.222941728263727,0.0,0.3801237812626785,2.581543896218087,4.209152382350217,0.09561031891046481,-0.09495400733197647,0.0,422.7300286344608,421.14429742953143,422.00875225952234,423.6302417232022
2.4600000000000017,0.2068406818855813,2.05976483130792,15.220957561642908,0.19665450180990884,6.216939918524215,0.0,0.4234549610856433,2.7112285753811785,4.304782413545818,0.05924038073452183,-0.11283827405145398,0.0,460.3693479635841,458.9434461168584,461.2577012238039,458.3817069671446
2.520000000000002,0.23372451047013745,2.226588927512463,15.483040465693456,0.20071944293668498,6.209717791564408,0.0,0.4733717350777237,2.849771116774317,4.43053131672006,0.08086300674284681,-0.14298153497403082,0.0,471.45645919090214,469.10854745820825,469.5574599797511,471.23512282018504
2.580000000000002,0.2634438390318072,2.400937474144728,15.748415346264302,0.20538277935522853,6.201513499768767,0.0,0.517989719249994,2.962154570534868,4.415089818805649,0.0705603935437691,-0.1265216993337963,0.0,426.6628744766187,428.04772558358746,427.0495115267541,426.1747222129462
2.640000000000002,0.2958586866900818,2.581789647697626,16.01140075269641,0.2095044399127639,6.193869405884648,0.0,0.5631184976720549,3.0665152350267997,4.351109479685036,0.06467571440656535,-0.1292200880766915,0.0,411.48194495629514,411.2267069147798,410.5365492046548,410.0179731948414
2.700000000000002,0.3315228095095908,2.769910089448362,16.2750277959122,0.21373797321713628,6.186242848597514,0.0,0.6264169855636731,3.204362566322146,4.43578574961317,0.08028843917965461,-0.12319443381938645,0.0,458.83668900500095,459.3006815850069,460.06841509905394,461.3066240800028
2.760000000000002,0.371183457341539,2.966464698294896,16.544128305323188,0.21978703768906538,6.178555185654398,0.0,0.6963194229732551,3.3477933772353348,4.533420047336348,0.12511137840137623,-0.1404688635493544,0.0,466.19667065982185,464.83034679901743,463.4747172337126,466.9921433722958
2.820000000000002,0.4150372179604332,3.171396366484162,16.817519802243407,0.2277616895371617,6.169912279973499,0.0,0.7662411468609118,3.483798539459317,4.5789563475571535,0.1451493782364889,-0.15238045908635678,0.0,450.88839596756526,449.90567722718004,450.3462983571829,451.9801077002844
2.880000000000002,0.4631146596261793,3.3843450295270054,17.092397329606936,0.2363899510546119,6.160962398003019,0.0,0.8371174847335073,3.615087196236421,4.583095410216562,0.14097222808403675,-0.14341101981693039,0.0,438.7505824743643,439.4734991535408,438.7215167333785,438.39409815907146
2.940000000000002,0.5159067242885687,3.605874348004303,17.369828161988803,0.24468138698656539,6.152791381300311,0.0,0.9233798113912179,3.7697831289859636,4.663651690443787,0.13195684862522836,-0.12466981888009668,0.0,463.83968745530484,465.29286709190916,464.94624294062874,464.25602756455567
3.000000000000002,0.5737916135770379,3.8363740710230694,17.650228151814748,0.2533497734631647,6.1450169547637685,0.0,1.0067609946827691,3.914080323981594,4.68236174311182,0.16197371700851604,-0.14182075364628713,0.0,447.69783727966075,446.2844063574949,445.4231359152414,447.8903003211358
3.0600000000000023,0.6366134864216972,4.075287305155179,17.93022119241836,0.26320462013916046,6.136083672897875,0.0,1.0880041203774435,4.050335140846013,4.650263380176351,0.16844048889413693,-0.16928557132192446,0.0,431.83718044170365,429.49136643776995,431.9451185927683,432.51674441271587
3.1200000000000023,0.7046393536550978,4.322815994741431,18.20932999271549,0.27294389953344833,6.125864320599742,0.0,1.180379458608185,4.201253544514749,4.65262872582433,0.14585072480957778,-0.17247838719154612,0.0,445.30052368008484,445.01143597091,444.0738220033672,442.2413781062002
3.1800000000000024,0.7782601121275889,4.579312874061364,18.48770818850128,0.2815178885819085,6.1156757110380315,0.0,1.274480523499443,4.349139799602589,4.626076520171265,0.13623505905460892,-0.16495280388528707,0.0,435.21608776124106,435.817310213857,437.0465476777919,436.2636004818363
3.2400000000000024,0.8578729297800377,4.845074331479149,18.765391597622337,0.290427579169954,6.105909964187386,0.0,1.380087571880006,4.510039175467396,4.629268308371024,0.16573739388233022,-0.15871195947422365,0.0,445.85316288148493,446.3377067488509,447.4026701717491,449.81851291272204
3.3000000000000025,0.943452310285905,5.1197499064123795,19.040304704320796,0.3005713421838099,6.095815322265672,0.0,1.4732834766080454,4.646394935173418,4.534210182346848,0.17499103655900056,-0.20552325741384037,0.0,417.52026085801464,413.3831774906461,414.7216122132283,415.56326303961356
3.3600000000000025,1.0355621750549586,5.403930349128361,19.313311081643874,0.31118519140830436,6.083348279061031,0.0,1.5980843389017845,4.826847558666576,4.564845280252167,0.1804560977705972,-0.21272999871356407,0.0,458.5645841611707,457.9505105489618,459.7800315498108,460.2418485351603
3.4200000000000026,1.135446404561065,5.699163266762994,19.588265561859888,0.3219844065938249,6.070566402584625,0.0,1.7324482360803168,5.014790140358202,4.5990319552497985,0.17903312258108217,-0.213639627137853,0.0,462.9849656411553,462.8705971515711,462.91126363393886,462.82914078426495
3.4800000000000026,1.2428065268787307,6.00461457465264,19.86154577485129,0.33252389696044204,6.057980461124334,0.0,1.8471630614356176,5.167450268215376,4.509759678661185,0.1678832269432697,-0.20297779415128217,0.0,423.07351341115316,423.9449092805251,424.16656353041003,423.2389992236514
3.5400000000000027,1.3583576828216952,6.320919375246433,20.13394099017738,0.34213971185904235,6.046398712808028,0.0,2.005480728414972,5.376404414071896,4.5685744295608615,0.13721133316821524,-0.17825311314292627,0.0,474.2881671268071,476.1493888500762,476.2645742384497,473.93430612503096
3.6000000000000028,1.4816820619648587,6.647183380568754,20.402201563516808,0.3500825995327599,6.035403374286927,0.0,2.1060873680650207,5.499450547947093,4.373619993480535,0.12037048552444012,-0.19581166222290552,0.0,389.24975717355073,387.56430911483346,389.0774727941518,387.51581665668584
3.660000000000003,1.611691627102837,6.981565264237225,20.66060609678424,0.3577553069381638,6.023920958201803,0.0,2.2283844031141133,5.64686527673215,4.2396204534840045,0.13975091317607635,-0.18372745523023226,0.0,411.1737433842736,412.2041974730197,410.40356959280297,412.13668848919434
3.720000000000003,1.7499412421256157,7.325821682880278,20.913510424666008,0.365598092742232,6.012805253487709,0.0,2.380715459324612,5.828543421553777,4.1896728746439065,0.09845359725957822,-0.1885164642735334,0.0,442.4986265911772,442.0706126486901,444.86763472313436,441.4870745430467
3.780000000000003,1.8971082505050132,7.680512638924619,21.161978899566932,0.3721362667797834,6.001711726827288,0.0,2.5256287105894275,5.99455343451639,4.092114931776524,0.12438354181461775,-0.17849136320537162,0.0,427.5161315449628,428.3350098595887,426.1164739384948,428.33852710423145
3.840000000000003,2.0545393998800825,8.046958343683952,21.409017622447216,0.379285333533792,5.990583746483235,0.0,2.7227937100887396,6.220220715846429,4.1409597861401,0.1058292211543492,-0.2054398661125569,0.0,481.0817469920099,479.00506677975926,479.800209634164,478.4006640964809
3.900000000000003,2.22237471891529,8.424983329950438,21.653841821789854,0.38566454625172675,5.978124527082258,0.0,2.8725492747464436,6.380643552817602,4.019391324319689,0.10728373138066385,-0.2124867768253938,0.0,424.7536333426214,424.1039602266463,422.4934209850126,422.6293824393719
3.960000000000003,2.3995756432769975,8.812888919495945,21.891892554854127,0.39218597877497263,5.964922846710014,0.0,3.0349995241472234,6.549513634053524,3.9149963703802513,0.11136309910992369,-0.24265844820762777,0.0,432.1804034677332,429.57811732835984,431.1288717992161,431.484283833653
4.020000000000002,2.587077547684789,9.21134935262022,22.12458338287198,0.3987730780261991,5.950755338993442,0.0,3.21600495771192,6.73237356189971,3.840416207269925,0.10642878245633544,-0.22552723801348099,0.0,443.1203583107462,444.47074083429,443.8152229228389,443.42059947768314
4.080000000000001,2.7861009804363044,9.62128763761079,22.35387520477742,0.40519857265620907,5.93712881222557,0.0,3.4189546828148254,6.931987876133663,3.8014174068581092,0.10838418285812333,-0.23046900599057993,0.0,458.51476223249995,458.07232348467403,459.06981467506455,459.23464398942514
4.14,2.9972315004722376,10.042889357719618,22.57997021964785,0.41137653045728495,5.922886360639001,0.0,3.6195754999715475,7.121153217781094,3.7339842907918817,0.08901303783595106,-0.25702549374802525,0.0,452.81303984134075,450.61468056829614,452.1244721258443,450.569525924709
4.199999999999998,3.2193459479051887,10.474480432222034,22.798825613149518,0.4168805318167257,5.907246719232791,0.0,3.7851950216752237,7.265067217005935,3.5608282745875512,0.09668037101342401,-0.2691349900347218,0.0,414.5674678070024,413.42752628062414,414.0530203383759,414.7349373509364
4.259999999999997,3.453475246026088,10.91659511858538,23.01153454988821,0.42218036352817556,5.891305007673285,0.0,4.020051370462093,7.471569875458564,3.527946618901574,0.06109215953738499,-0.2595894093400719,0.0,467.9918685030538,468.6671554399098,468.9856040668332,466.2181165750984
4.319999999999996,3.702034905650446,11.371134950933007,23.222312695733837,0.42683162053167134,5.876231803284416,0.0,4.266098450345619,7.679075910867296,3.496490794679275,0.09862515829819792,-0.23829189490716163,0.0,470.6816648710336,472.2675834140339,471.0269684110371,473.9254196681909
4.379999999999995,3.964515264324063,11.837045637293967,23.42880440288462,0.43283459472920693,5.861943639947594,0.0,4.483976123142089,7.850902595348579,3.38555130628578,0.10275412552682993,-0.2378268095176089,0.0,446.7927488013022,446.7744114222724,446.1935381581453,446.53916894155617
4.439999999999993,4.239909265325903,12.312905371075827,23.627822219318585,0.4387698703848528,5.8475716716498205,0.0,4.696535919399108,8.010739981004058,3.247511264008454,0.08988138295996617,-0.2431759438810684,0.0,440.2281400035078,439.72715742126564,438.1530929438785,437.0897431947992
4.499999999999992,4.530063089780463,12.799971248698109,23.821979220137386,0.4449585578072295,5.832601126134119,0.0,4.975825560744209,8.22404955134222,3.2225183202869947,0.12138449378637621,-0.2667876078453119,0.0,483.52753934246033,481.687047833998,482.5646369855945,484.94536520449117
4.559999999999991,4.8342528251264465,13.297178233262676,24.008992686232595,0.45262659876206257,5.817486863840875,0.0,5.164597697442565,8.349340698734776,3.0107666646799034,0.13825073253043815,-0.23217313418020544,0.0,414.71929733821855,417.6795708433527,415.0537307157551,416.5478198540254
4.6199999999999894,5.150571497407425,13.802442501811823,24.184370284354472,0.4603488867399923,5.803545929447367,0.0,5.3799240259018815,8.49254557915387,2.8343106997341594,0.09118277814571621,-0.2327020837817307,0.0,433.35518577865656,433.2554370805802,432.79371024960375,428.8268059160924
4.679999999999988,5.480741466644492,14.316926992149186,24.350398384729512,0.4661359120316195,5.789132578635503,0.0,5.6262357514479815,8.656342215971298,2.698852953170266,0.10531435496371425,-0.2627417303641409,0.0,452.39920724762067,449.9149464160811,449.5965505441069,450.74814875238303
4.739999999999987,5.824633251297641,14.840152501755911,24.506153177085146,0.4720298375302079,5.7734939731470085,0.0,5.837486408197593,8.784093378925858,2.492329532366388,0.07775009450966476,-0.2567544722949307,0.0,424.4560079486296,424.8978576940164,425.8997792991821,423.5432133792052
4.799999999999986,6.180823751506464,15.370539287313393,24.648588785555482,0.4764165335880355,5.757770097501757,0.0,6.0362254758460105,8.895033434403485,2.2552040287974195,0.061691623123051556,-0.2756233869146538,0.0,412.94061534000764,411.1962473428181,414.9466437302512,413.5384595844387
4.859999999999984,6.549258059658152,15.907625886049724,24.77699844818461,0.4801123860563985,5.740959156162642,0.0,6.2456284266683575,9.007286337274662,2.024691036444264,0.06140879748229992,-0.2913310719651434,0.0,417.90916507270936,416.45150093879306,416.99357382513466,416.97184538319675
4.919999999999983,6.933440491364801,16.453646385312187,24.895928902023176,0.4835859059814087,5.724101997373113,0.0,6.560818919568892,9.192176974346866,1.9378376881395583,0.049723810931783574,-0.26570831051257415,0.0,477.5615694183096,479.43793412773965,478.2617863892833,477.37271735194037
4.979999999999982,7.334397278723365,17.008886206399517,25.006199340507994,0.4863771859828292,5.708442861403071,0.0,6.804900848710106,9.315016068015035,1.7371158306403751,0.039194792073988995,-0.2529217572693831,0.0,435.7931994806877,436.79095647320787,436.2061617917726,435.32698824144705
5.0399999999999805,7.752421074106314,17.57300293798521,25.10744071437919,0.4889682333551786,5.693348849246309,0.0,7.129316762078964,9.487583355311374,1.6359451855704195,0.05015893930871123,-0.24899144770475493,0.0,479.580194581902,479.8203388489489,478.867182701455,479.70164024180167
